1.69572618054996
-0.435942806426513
-0.288671168774841
-1.00679152512461
1.18338532870918
1.10220036163332
-0.590861364637176
-0.592413179248632
0.224664253094103
0.400804883163834
0.438867841347438
0.607661129794265
0.725639356586961
0.443994239971795
-1.2567757850276
0.651114768618419
1.04798009297652
-0.769982217900648
0.830188947083203
-0.250413652049807
0.453826517459637
-0.546666256202098
-0.42384023581308
-0.361817303609932
-0.085057711179165
0.37107472690089
0.73256297171074
0.717293225022803
-0.555427162947951
0.104026850537887
