-44.7745301705949
-87.629279737158
-83.6569593318271
-104.892134542309
-52.6163455358511
-53.9792702029749
-92.0115885398969
-92.0565767867832
-71.1666252420356
-67.3255402685724
-66.5231383078075
-63.078497683534
-60.7773267618611
-66.4158023956994
-113.485783540842
-62.2209680301246
-54.9091209565546
-97.3524209753082
-58.8083401019332
-82.6548498603566
-66.2104197534884
-90.7395279820704
-87.2958457608578
-85.606879874447
-78.4597991337086
-67.9590054716939
-60.6449195724233
-60.9373224896665
-90.9902864011137
-73.9230541708678
